60662873
116778405
273965627
2830432345
33810096
119085466
122276806
53461320
54933878
833771311
553858732
332744533
9470887
1098273
1034433
24826656
154414770
31313697
90994633
628783410
268197771
86494914
1861997
158069071
124745913
42781810
1173851
206136361
1492181189
52492417
398673908
395201183
321345425
63994465
11700893543
20573103
1609402609
25309103
1272714
1563352
20945145
8795504
583721561
63043890
225921650
628771505
10537487639
76692739
26343188
1365767
113299590
1223107595
10857332979
553971858
52539791
1114768
21070350
8785277745
102611668
100929295
106690067
1532381
402304145
102614621
335086410
55224802
11394133357
76692318
81688984
362081769
35292167
187846091
110207471
51245998
158066212
153955396
16641209
280662903
16987194
51242846
1374328
258183582
567531362
61769697
19397594
20573078
302282031
376805769
2830496106
18174901
323191979
2569001052
56944284
445115703
28676186
44560752
11814935276
34871016
419752586
215719463
24826704
31101391
152980562
14492461
24975496
10159948454
202074359
1560602573
1609401184
71037056
10161485821
91679217
173755801
52463255
158068226
58364249
18776718
273964898
63721732
51243216
9254521
34818884
2222775930
48395604
158068446
857265983
10467162863
19112054
63994749
556821517
23551803
323476145
250394663
29109681
241512134
46839229
1402447683
155504606
76807520
250394028
14515496
38971471
27319532
46363750
1513251995
79446473
563291875
7248672
28502997
1744249207
17109706
5013628
81708766
116777969
152980324
15727771
23999354
44561035
380201576
2397732794
81154592
323191787
128206864
332747438
63241985
315550913
59848474
16413496
376812736
255800577
31157811
63253706
1272715
241017426
48545806
55271090
74385438
52553970
162372650
928908332
20721173
330296924
22920501
383607653
233609198
477858669
1172161
6807134749
2316714645
60357982
169444030
1016185535
25308781
298071907
133553667
121926643
17138062
33872761
70476451
327317662
4773579034
1532389
25740034
212500257
583153791
18821202
183834762
89609550
1301384400
25609906
163500897
334663683
185894927
136777171
23261769
554650579
25975243
108158379
133553782
50382508
306968119
1184599
183468963
15731113
42840130
15095717
82332662
67318983
128992838
472605952
6552812
16985920
116777149
22546563
16641274
118279832
152980783
170903868
68354832
1279019
1082932
187845028
2544549379
8198290657
15013035
82332418
10161543780
145833395
134087662
46348897
120307951
18268645
1016185809
74938783
1016184964
137714292
110891817
19381787
19704809
494299198
51243520
23634704
116076177
8796225
139618147
21024661
64510677
376812961
54380918
1082936
7319168
11123556756
1143116
6807137300
32278729
73799348
22547702
2830454962
124126528
21392863
56861526
134087578
82332012
182774977
16678095
136789842
35167822
259423244
6548058
160207626
32858586
136803300
207207782
124127383
64497156
330295337
24015579
8763364938
76692381
22547636
60062169
65969704
1428409936
93068184
153563617
55707362
151789690
22823649
128207293
65079090
26733710
74891545
2264398
24533767
24826693
115363212
119101643
19112220
141740648
116693694
439984665
30391731
49491781
99130630
878908562
96079550
189963585
136171998
583635712
72069888
53041013
42847638
76692582
1191812
2830497827
321570512
398674241
91294485
658757624
628778816
96079188
24826625
22547617
493496072
19264845
878899787
2830451846
69938512
45084008
18803866
26417031
1117719397
45941295
11821667294
17449403
76692196
745788688
2830437685
140483668
125013830
5808105
553939167
62350856
536826524
27004138
11401152997
170893265
9254254
184742903
64559858
88885069
22971409
220248530
11441821
17408283
5786026
23301478
78005022
34111862
1213485673
1241181482
5786047
6803405665
105341547
362029970
173780221
6551281
835066252
9910514
37821996
67239941
40893128
188888052
3016210752
65979823
207158727
293318142
1974902858
115301218
293315415
152980818
14671091
1138390
131310899
97101393
4765323
183665698
42900229
63993845
69434624
323191596
24114402
209994352
62134823
66896601
321346744
583722932
64489875
439946101
1286490
62674732
93119240
362051999
162200696
119812659
42211680
10630526
8198278666
20573098
193696583
6807141494
323476069
152980796
136758455
91676854
1119645320
221181437
413196934
10896900057
439984032
24123924
91675439
2606192523
62245191
152980589
14860671
52564187
31839042
61458403
8331190
243853512
67996263
553726283
16158562
105344365
2566105661
74385418
260303894
439944384
19644587
398672264
383605854
4255053867
243791145
334656353
188703010
25740835
1744233582
292969932
532181076
95954984
21802112
102631634
106701619
67798397
10159610478
11829528061
11564129929
2180163807
50938746
67494312
212971414
52554739
987022351
74215671
8274214179
55224996
81688955
146082964
63647492
1213029
100425864
24440014
25977727
2606191948
356210196
28039679
67584747
1974903936
69486761
136803120
42781797
23658148
2316681099
121389847
24826787
51243486
106064277
74939231
158068502
10161512424
1191162013
41312638
24826840
141742418
84418938
121260018
1098277
157361023
569676258
64507797
70437291
66747287
493486164
1678356850
127506257
1929751013
271015669
120749528
89609498
30394594
139578207
2620506085
74891367
557058485
8853097484
9465511
12313531
39247220
46846024
11188705
49491808
188003914
10748238
158068171
100931472
1340199684
23726438
63690289
11235114092
125378514
6803397504
152980606
17450058
52489477
83704165
201970142
12716490360
57603998
52544038
1778004652
25930613
121391807
904518348
106622910
76692101
97078419
127505604
286524947
346675875
11700921895
30390398
241017568
21070090
315549204
1241183979
33615415
553718984
60115635
5832475
47256194
23301616
25267538
10467322128
82331933
250394348
94248837
2470988571
46355702
68603324
9731869178
117410734
54694334
6379764
151784526
9731852643
50943405
10855907451
147986375
76692407
402304782
1744071203
259423513
1250879150
16986805
108147339
18171366
40497339
406000562
18482375
28276664
151787264
23310997
2257539462
182640918
30371876
398676450
477860473
95245701
20721282
149594188
16652251
98253592
59175777
53055197
32278846
1193866
66330204
43704705
64220933
64493637
554663025
20908915
2409285794
74904413
102623976
24826771
118280164
105342700
96678344
100933289
60115725
1530795
15884864
144506837
2830416348
1086815
77359723
49493376
24826614
174794851
66330231
78002464
33070696
33384642
273968642
190247659
77359568
24826737
241543974
155504507
50943378
144506778
22499928
89624140
144507154
2566017817
1483632
135470997
175134660
135472231
62682888
66330060
357832740
139578136
93136802
1279018
9910420
139152118
108147416
1191152570
19112105
24826725
23301681
1117746294
21802000
26019070
67574202
31149244
51243561
64511877
47697285
380754227
1241182524
26424215
40493240
162200666
78033496
94266158
34394424
139578571
97712291
69226736
138932273
17449820
39247498
64559537
243009946
376809691
51245885
149599156
162374695
48156111
3339364587
1974973389
98348459
162592142
9838284017
1532395
25555262
89611341
48596324
8785294898
32861090
63253701
27171229
61771419
82665932
153474594
4786877411
74937900
31616411
1402319378
106689944
97161222
153028011
6807139994
20643315
304718708
15926904
153689274
70437153
1230406650
34394007
439945661
554658475
26943415
32567578
26674400
10487228860
76063064
395201780
4390896732
131592484
31151864
138761013
37819953
22960112
27296626
17680660
97078407
63646305
76066769
317593302
117411380
143627212
120749494
128158439
53466788
147983227
121260788
1090029941
7212273948
67996003
62253088
236440696
150182742
51243190
1049198
71597048
22151762
44561450
1125510
147971190
149594126
18010691
295456141
108829742
163491813
483308034
4771699155
23962549
2222720521
435116927
66416616
1428418448
69499437
124745962
406001532
1191119857
12908164
76692866
64499327
18482398
65082275
17981849
64647651
55917432
2830502330
140479922
835094544
507791112
22970114
1425150624
1229958370
128158708
60674654
97886188
135470796
11453075278
66330120
96080771
53130896
42846134
507795810
439946249
172307617
563294861
207207025
27858204
22151837
55620437
1402448461
66303576
163491866
477860100
61459718
51244757
1744048439
204162122
115992039
27171057
31313617
3798231832
14817131
98253626
172327379
2568804274
32199211
29410313
136803374
63990268
17999992
86494893
147937443
15929967
67200745
136172656
110705572
10159934779
51245739
27295772
62139501
36784258
51353061
168167114
4773591735
489171096
44114352
105342986
57038857
124753681
13476999
439945864
6815676017
111902100
880499904
39104808
20048880
96079286
1974896683
42846005
101078326
22972723
1191112079
50430337
16723499
80293983
29532260
42800436
97932897
8853102495
136803077
153563520
4773588762
108149175
116776982
293318274
38248947
153059612
63700646
44522568
76059498
139152348
114385498
63993237
1230409188
68358679
1772531407
383507353
60115606
435115951
327318405
163501040
80597060
125861106
67318186
10628294
169286712
1180428959
77359855
439942851
169444294
154415221
250394771
867827055
628769409
77443491
302281542
35686000
430063819
132123882
73232803
23705521
152980639
62729995
120756377
64560336
215762773
29532089
583722710
34870758
6550129
32278866
78621687
435115571
14876573
57028494
55610781
163355211
52454955
489170175
55633111
58789949
57013875
162066176
64508973
24123795
334656546
16722419
503955938
1532384
46363684
162857268
66303630
22432792
24830979
334656210
187845352
172309861
161212509
177433041
154414805
727321432
1180419690
178393560
27398610
332755212
327319628
493477472
416846000
2015363653
12565866
42847923
85754656
77359620
323417812
17735309
108147460
32711023
166896278
209995252
835063865
155670995
37347081
6512277
85879456
121925071
147143881
61963621
323192193
62332732
31156903
102606919
5671970
67200878
58419365
341110180
233616117
149594212
6803395856
35685137
1241224444
63997108
20641998
181644522
75941738
293316320
114549522
878904755
57476524
76692269
112609138
19043710
26020654
152980777
69344107
43704873
15318156
80273693
62720062
362029747
152173424
68258723
24826811
2568801198
1772529256
20052135
553723613
152980763
29283289
64486485
10855932882
1029025
69938945
10714116899
87262381
120757139
1744198126
20335699
215751161
185813692
153563710
24485058
61847146
62718789
66896638
1051574
63245697
102619219
42847619
100928653
1016167673
100472063
24826640
140469106
156105465
48078122
46839155
120759721
440738448
119917063
28672561
327318670
160189476
226189871
152980628
1230404580
553971558
15177020
6803398976
90716909
130213380
162067330
494291269
102607079
928819079
96095042
24826683
31765091
71597060
67584675
207207466
11530449367
136802867
48039204
61894723
43245104
11700905898
136758649
98253569
2470988022
6803404717
20044845
53459092
250364732
94265084
31046644
60675871
156485890
24126147
82331895
31313130
102618797
49939702
22157580
32858699
110706148
153563557
1285300
139618317
116693735
317590827
102633300
29109054
583651344
4390890198
260303960
76063110
119917015
62742199
25872570
638089422
136172584
489176525
176087505
146083020
97078575
31107926
268586231
362029620
64498308
226189986
79402992
638087256
1229962410
7592026396
26777611
230766388
15967494
835095003
390972175
110295245
97852159
163995329
142283157
104642550
145833203
43704842
21802141
100932574
152980442
74175019
100932509
24727929
10161528810
32204217
98219158
81688937
60674516
11297766
76698522
62720331
24826823
19364658
51245193
55702704
2830499980
40493542
507783603
80274859
456226536
62152671
340623941
66330165
335133696
19327404
114384958
37818500
95245137
116040828
46138556
100932762
62721575
102606672
148834245
62720797
323419816
180660043
34764447
51241480
23300068
10072631
1086814
83704154
250394595
461492845
89491407
1396360
50943435
2799053
215724072
161265873
67200851
17735371
6803410579
158068251
51243302
73791866
1191125008
63992958
11401257331
202073256
98421766
35246042
376806474
493489234
1556235379
835095306
250395756
58339489
48159815
153563851
127506324
1744068357
10159622004
1609384691
88885497
24826800
527365852
27724716
139152194
99119240
119812765
100929604
2830411358
19396550
128206477
46363291
152980428
1772530315
430063272
151786902
13793866
27858560
164174205
121260153
190204972
292969458
4771629993
19296155
31312357
63695803
28278529
98346834
833773264
26421468
17735316
1081300
568918670
67201116
46354572
89615783
67995955
2544538622
1532386
1191136166
76692831
41452381
387254823
36883448
1081239
209994074
39998453
55617090
190786095
76692077
553879651
114687236
148816843
118277164
13793909
88143060
73829193
63687750
11748356
149598968
49048671
76692350
1191150083
11829480457
130113146
27309800
51243261
1016144971
315549086
335134238
1191129536
51346471
10467173753
29716461
1743903423
244160970
7893468574
128158617
17204526
250395631
74174970
152187346
413199286
11700927610
8769466816
1149615185
76692214
71597072
1323367
321346616
18015836
191261930
29283299
1051578
139589595
323192138
57033901
99254203
16437015
110706992
11631083376
10159617728
188695491
568891763
20064349
7592037079
71499591
343585234
327318111
51757158
18213609
74891470
1678314358
57612224
45940736
69937602
26943368
250395444
60039346
22151798
236399087
18482382
52541563
40893465
261827192
63707964
44114473
6803403781
1428424821
24727799
243854130
140493381
17696983
17614445
23172653
44856567
106709262
259426115
11821652461
162200633
44014154
1609387306
9063024415
36839669
140484519
7592004548
150337838
145834328
114385449
16986649
54694329
32348239
57134043
1016184756
52555336
48607745
24389601
1073690
489196035
286524574
124730194
23644960
108830165
1191135761
1532385
383606760
60888284
8198301926
362032819
152980504
147144571
286511038
33732371
259424866
56935215
1230403652
3267569146
102617886
119916756
96079316
60888225
9255011
33337038
1380773753
6807133411
20011840
113327754
148816890
136217608
22960435
8194165059
4390875496
1532396
129471170
128158768
24659699
105344861
42847576
21070012
67995931
153955806
24485062
1117739716
440739240
97926244
416832622
111776247
60662839
557057917
69947367
2226807244
382881373
66330144
37747682
49763737
8798254
41453045
3210243135
15857936
1587175771
51245692
52456325
62679779
445116836
45513247
2528067691
553970961
1180419124
146071355
16855096
71427264
553878047
102612531
55615103
689381514
153028352
46353878
361950297
67200694
22157971
48039013
264984497
76692172
64560136
13844730
1191162539
2225761296
193696364
21439893
74175056
192465416
19398258
416832414
522586178
134522901
135470904
124727442
44113968
96079349
1185264
20577851
50453968
164204277
188004281
18729820
439985494
98970218
16954081
48156452
835095880
402303026
116073602
12314127
315617026
133560053
18971358
11401261753
110892321
24487396
1031429
10467139030
28878110
46357082
241542617
61904706
20980138
52625733
135470884
22587828
22946161
77443704
71499731
156467990
76692790
160199141
161211371
49048816
141740195
128208025
1536054971
32858948
77359785
106712830
85879447
878889105
93136746
532254782
51242770
1076571965
28998459
19704937
72082097
99254241
190247723
232503325
1744078238
101079008
153027826
42781787
6807135859
362080535
16984917
121260372
362051405
100932833
1309918
163496075
233520425
553720598
3271938
99855478
132720324
891980433
17450053
583159170
3798243238
159229378
15432399
48039333
493476042
162069243
321353278
26424059
2705893733
125378389
135470710
98253651
25687227
215392741
1180425924
46839188
57983479
71484109
30378927
25545089
323191683
1402433072
110706539
2566024668
33872839
1213472762
323476300
93716784
110295354
1402442557
22850569
67201161
39247441
64485985
106713287
4786869155
62350883
3016722037
21719280
292970740
149591908
187845483
53623322
244097060
10487204569
22969230
125861676
99033296
37754408
64444871
568921483
209983860
387255786
1136590
99254164
15973059
62803186
11700912778
67319708
218674480
44559754
96691219
11600684862
63239668
53039427
49929776
142285694
50453938
1048037
102611965
1301378557
53420165
1286495
113325566
238983270
40892630
52501424
102617707
440739783
77443461
46839333
30380922
553707410
31541373
11721340
11821648884
101081225
146134358
1225163762
292969139
55907562
184745025
96680926
19399000
110705006
174794956
386663459
156095442
114385254
1743906481
564449640
94262384
14129301
65417235
57790413
113333065
74937568
1081240
111903483
9910070
82332313
66416602
19264489
382880833
102604869
40811356
568920079
2830463943
25535420
27345567
143635868
92142710
78635484
27319496
153563497
17450902
40892523
9838318899
1744356057
37816777
153581784
62684484
553970606
110288865
323417020
16598440
1744246930
134822899
20945159
287426148
151327351
52462233
116770724
99610601
102618732
186956843
10370321127
1469827401
18015896
118281463
74214775
73151254
18821226
1743932756
64496525
293316452
9838436229
22070807
74972442
172307790
179547632
5161514
93131552
1193534
346686597
209983989
346675113
54578891
187483689
1191109087
16899436
3798248888
3210189360
416833339
60674719
88781614
236398601
138932314
15973049
33172050
58261078
243854211
440739518
343585127
45201887
63653372
78002486
111903124
3210204459
375820845
183834442
53898421
361950795
73232825
1744094169
149599125
58438853
14719555
11999235
1028606
133360542
29051524
57229357
155671106
259425258
17173665
49939692
105351545
68358746
102627792
9527968627
69434797
90821356
61895706
76692331
241543635
20721136
19112087
36883659
319656563
1048338
12313606
402303179
27599954
244160118
35685368
5162497
193696233
549058243
293316227
169448080
100933389
1285307
13370505
2528066922
295451740
583147959
1032641
42846048
106708987
48159731
362051773
904541305
115300940
63990657
116778440
2620478831
250405532
91679561
139152232
376805952
4390900302
162067148
10161498326
3016590511
280896465
2620506513
13416321
1560601706
78033596
18448414
20573086
135470756
113328574
182774911
16678138
115300683
38322996
169444515
80293435
356210746
17237675
27052155
26769281
12314312
24941896
257839292
2222775067
145833294
134086163
12908119
95354259
68259924
16887291
22432795
467134564
99641902
90249069
64559699
61901074
6837513
52464382
10911965
833771102
321570597
2830413360
22023239
26011378
1744051187
29283273
18426536
147974365
100929743
56561579
287424705
1645055518
477859537
24112667
102619387
131311508
298084718
138859529
21272995
259425017
503947022
1974901902
128159389
6803401743
164204164
277859296
74174927
17363660
5013615
101008467
69344084
493492747
60662967
192562352
99254437
3064215952
24826755
25308473
583141755
313544522
76692291
153028036
1081392
35685477
12279891437
11821664799
18017365
152980413
6803412842
26421759
878895806
33873132
689391156
76170471
259424300
53918608
8795516
114385354
147180077
25880554
97926163
19395368
71484089
215718515
2041982658
64160547
10351018
1789547756
64082730
69434631
175134718
406000421
51243280
29532608
1533893
2566018860
15013006
53920070
4390891467
113329394
69567879
331486631
24826853
129533515
13334984
34818900
10159606132
553724913
417458345
38322945
33615137
19045610
25926517
32355759
96678436
8853093338
36883922
2470750640
102618069
25609915
37819478
108150260
332746408
1272713
1028720
138844851
286527185
44114667
75550883
105340931
102705454
1037673
628803591
362081939
29715011
2830505884
148791414
1320952795
25267790
48159678
148791559
76692143
22787189
145310594
19107800
14462955
286511631
62150694
67250836
153563580
70476435
97852103
271015154
159229806
193811031
130106467
68354853
16412796
22151828
181356054
11844853
83021217
35685588
76692515
37820239
80661504
50938765
483899424
67584499
3339385534
2222774106
253153907
20258994
1744060292
102605392
2565909803
23301787
1376466
158069180
16646369
119095672
1532387
6803402872
399021751
34126856
68352536
100425940
387256603
76692437
61893436
152980734
89622944
21070789
128159229
52180878
134087261
53917288
113325603
161211433
152980772
51352999
23962538
52502129
52558745
130106618
76692249
1556204905
102627528
110336757
99254358
55628694
64508400
33171947
97852226
3798239844
121389389
1286496
134822876
153558902
67200948
149612243
183834914
14861078
554663566
332772333
16924470
22070623
52458643
188004500
10159872338
187846264
241542424
21416138
44561064
63995612
1235488
277861858
153581866
183797762
102611450
163492277
105342773
51245277
13121630
17739050
16598538
29532225
24832618
233609363
10927612825
20643329
121925647
362029470
233520257
102631707
139617823
93078804
74970701
140481297
35686056
144506058
155504056
16725702
66416579
439941904
35246020
20044751
7622285
4786883113
4390848511
25306182
60357972
26018282
1532390
35167841
6803423284
114693174
3377530077
181354245
2878664734
68352624
27477255
51353085
31149956
45514606
48607845
1180433861
69344020
462220417
8853117992
152980754
98349022
207206653
24832637
1213428661
59805584
61459678
122278276
29844011
68233678
26380828
38858257
113332841
19400408
306969564
191102109
241671883
6552254
16954107
51352983
193659065
402302006
46363235
1191142249
125013769
78002439
335080779
105332493
439942445
47597760
152980450
98346415
116040807
2588169261
12279887415
65554735
82358339
64560491
96079422
29715001
1594180
244160357
28455752
17925914
286513125
17238263
250654457
16678098
68358847
37238566
105342573
102613165
154818967
147971127
66303534
45093148
1380767576
16171848
1402441004
101191388
54528375
1609394530
319655275
20418682
8853111709
323419455
14492601
173783297
1532388
71037101
7636350
60331861
72644629
14404355
52504099
562478132
20980122
66416590
113329705
48039359
380566976
67200777
387254417
16598444
36466277
24487029
98341183
1743912362
62718352
57678134
1180428350
119916848
69344141
116777778
66330295
15595872
53524217
1241223847
280988393
24441888
19112109
119917040
1323384
47256011
402757021
151787372
22787168
66319941
151787490
119916824
383507092
23306097
1139755
232492903
416828455
259425946
335085355
76692611
59190543
71499557
7212280564
228449574
493482011
67319425
60115663
8769478056
1139753
10467314620
17394804
98411325
153962038
100933335
260304187
5785985
3798251754
93723594
29715020
94116435
10468915
63996592
44114719
2620416387
568920951
2222728373
121259978
42847558
33337041
928911381
9838329727
21439991
12503326
6803400584
69939573
1016143686
1772352570
54586667
11647212
4771632715
186957762
259425810
18482403
17238307
22547523
10860580
122277161
15054210
162066057
158066152
19364667
77359927
169284783
140469731
483306493
33872870
67250704
49763745
94794774
3581868178
144302847
10749130
11297746
67571288
24125295
22597302
63721711
113329638
72082328
69228932
67312131
51243161
241671482
71484026
16895215
64495874
16723481
23301877
52489004
33097647
241670187
93709266
51243313
10714092124
188668491
182509980
23264604
100929831
66896542
131311248
10159600649
97926101
153563680
17527923
67584629
155661985
169454280
398674411
50430316
21294489
102627682
1191150322
48039287
31252891
88777059
84012460
128160626
1117744489
35686181
46363048
49048854
5207053
51241522
76692532
19027209
73151293
46355320
97756645
64570331
139577901
100511988
119916949
119812738
46158937
16385361
76692637
1428417334
23301644
25308989
833772556
32203846
35685322
382881237
10856293131
11452955059
69964719
2830493868
16853477
116055112
74939534
17449580
1678362868
135470963
227695091
124730147
8853127057
10161556185
7212291640
192557792
30328933
45941397
40893248
100929398
2569005011
1082935
93536867
16598513
362051899
243853798
323191430
67250863
119812715
124472052
111904118
321570401
58247707
18775619
262399119
114020557
1158416
204490997
154727201
67995863
71499623
136803262
300410799
154414843
188003527
146082923
153584045
302502491
241511828
55909280
62129759
10159911699
158066632
417456880
58809024
6803407328
113325481
71429414
25308748
4773569689
2041985255
4390888537
25556219
116043052
8795521
63692675
707981077
30394316
283749923
22314719
116786741
68848741
96103379
49939639
2566015124
107458531
4765718
65417509
52550492
6807138720
53623350
321346550
128159108
53429817
26017873
362082707
425119181
445117183
90994970
182774739
52491335
258184056
23727705
215718576
8769448867
557059780
120756198
1974905841
21439778
155508530
250395898
557060334
169602010
1587175338
51243169
63653969
243773554
116786719
124726369
878912595
