12279887415
29109681
1974973389
33070696
63239668
563291875
60115663
101191388
114385498
12314127
62139501
33872870
20044751
74891470
56935215
1272715
22070623
25308473
76692269
135470710
97078575
124730194
1191142249
63653969
128159229
28878110
2830502330
507783603
49939639
1532395
24487029
140469731
101079008
53917288
293315415
110336757
91675439
5013615
2470988571
1469827401
51353061
53623322
182509980
97756645
76692214
25609915
77443491
98346834
120749528
116693735
18482403
63707964
292969139
1230409188
11829480457
116778405
35685322
119812738
40892523
110288865
2528066922
64508400
11401261753
1081392
68354853
260303960
135470796
90994970
2830499980
34871016
16985920
46348897
1744246930
302502491
1530795
628783410
50453968
51243190
26421759
387254823
77359620
187845028
904518348
49491808
402757021
878899787
14404355
583147959
1250879150
78002439
835063865
76692407
2830505884
99641902
53429817
66330204
362029620
18482398
57134043
55909280
24826755
35685477
32348239
253153907
63646305
37754408
52558745
1492181189
33872839
16987194
62684484
335080779
24125295
45514606
187483689
115363212
55610781
57038857
71597048
45941397
553971858
69434624
1744048439
32858948
89609498
105344861
362081769
74891545
51242846
146134358
113328574
23634704
2606192523
250405532
987022351
128206864
60674719
82331933
60039346
1081240
149594126
16725702
19381787
27724716
25740835
67200777
68358847
233520257
82331895
67200948
362080535
8194165059
24727799
2830463943
31149956
6512277
27398610
1772352570
37747682
11821664799
68358746
51757158
1744060292
835095880
162592142
53039427
77359568
139578207
100933389
1241183979
17739050
382881373
114549522
138859529
628778816
1532381
1191125008
53623350
413199286
193696583
5786047
22070807
151787264
583722932
335134238
8769478056
164174205
182774739
17999992
136789842
376806474
152980783
152980628
11235114092
362051405
489176525
139578136
131311248
29715020
148791559
68258723
100425864
100425940
1158416
162857268
45941295
127505604
143635868
114385254
42781810
114385354
11700921895
2257539462
250395631
48039287
62129759
71484109
145834328
1974903936
439944384
89609550
149594188
8785277745
6807141494
69567879
35686000
40893128
183468963
1320952795
67200694
150337838
323191430
67584675
61901074
51353085
271015154
553858732
24826811
9838436229
2878664734
323192138
833771311
78621687
134522901
116043052
13121630
568920951
44114473
147971127
64559537
1191129536
174794851
140493381
583651344
64497156
23301644
15013006
26674400
97101393
27599954
7319168
66896638
62245191
74970701
163995329
111903483
241017426
53920070
51243561
76692249
158068251
1191136166
244160118
188004281
11452955059
119812659
47256194
24826787
63990268
119917040
125378514
20044845
82332662
1193534
250395444
162374695
23301478
51245739
489196035
1191150083
1587175771
25267538
153563580
18803866
105332493
65554735
1229958370
10896900057
102631707
380754227
1789547756
106709262
169444515
113329705
80274859
10714116899
120756377
158068171
15884864
90716909
69344141
162372650
1974901902
67494312
114693174
17527923
102617886
179547632
14861078
80273693
15857936
236399087
233609198
76692532
57790413
1974902858
1279019
24112667
22151798
116777969
477858669
52464382
190786095
323417812
50453938
48156452
16895215
583159170
1556204905
151786902
2222774106
2620506513
259423513
10467322128
2565909803
70437291
67318983
1037673
151327351
158066632
10159948454
323417020
335085355
286513125
76063064
244160970
243009946
62253088
71484026
241542424
144506058
17450058
138761013
39247441
417458345
100928653
33732371
72082097
1272714
155504507
2041982658
321346616
100929831
19396550
27345567
100932509
84418938
74214775
50938765
46355320
553720598
162067148
67250863
215724072
14719555
48156111
20721282
244097060
124727442
151787490
18010691
185813692
10161556185
15926904
878908562
867827055
34126856
1301378557
21439778
147180077
8796225
8795521
1098273
67250704
10159610478
73151293
61895706
1193866
259426115
55628694
127506324
321570512
46363048
57983479
152173424
81688984
31101391
880499904
76692291
97852226
12314312
6803412842
29532608
102705454
1974905841
22432795
553878047
67995955
2222720521
71037056
215718576
3016210752
259425017
56561579
31157811
160199141
23261769
1402433072
52544038
48607745
130106618
49493376
24123795
44561450
16954107
42847619
161211433
233520425
186956843
42781797
18171366
30390398
49763745
23551803
69344020
25880554
26018282
153028011
177433041
77359855
15731113
65417235
1034433
218674480
60888225
85754656
19399000
1073690
61459678
243791145
335086410
94116435
136172584
182640918
22946161
321353278
34394007
69937602
49929776
23264604
60675871
116786719
19264845
15095717
64570331
31313130
125861106
406000421
1191119857
1279018
327318111
493496072
18821226
119916824
71499623
2316714645
48039013
83021217
7622285
128160626
1532387
64560336
43245104
52554739
6550129
4771699155
158069071
113327754
2606191948
417456880
10856293131
568891763
327318670
192465416
430063819
76692611
1125510
74972442
18174901
25535420
39998453
321346550
121260018
20335699
39104808
47697285
241543635
4773579034
55707362
1678314358
62682888
176087505
727321432
172307617
62720331
66416590
1191162013
156467990
41453045
9910420
1323367
63990657
98253651
44560752
1225163762
42781787
24830979
10161512424
96103379
69344084
119916848
106689944
6803398976
154415221
362051773
1929751013
21024661
136803374
163500897
24826640
321346744
2830496106
24826693
35686056
139152348
28276664
287426148
124753681
111903124
158066152
230766388
51352983
139578571
73791866
15318156
42847923
163496075
638087256
169444294
25687227
52541563
35685368
99130630
106622910
293318274
2470988022
1191150322
323191787
494299198
49939702
3210204459
31107926
16887291
5161514
74175019
319655275
260303894
76066769
53041013
57612224
26017873
445116836
18017365
102612531
1974896683
25740034
26421468
33810096
207207025
93716784
153689274
35685588
46363750
553723613
21294489
6803405665
100932833
53055197
63993845
12908164
31313697
76692331
67200851
50430337
335133696
181356054
439946249
416846000
16158562
1086815
334656210
461492845
1029025
164204164
27858204
8798254
21392863
7893468574
17680660
88781614
16723499
10161485821
105342573
116073602
131311508
54694334
42800436
102627682
402303179
149591908
74174927
135470904
493489234
61847146
1744233582
62350883
102627792
24533767
10161528810
62152671
113333065
71597072
136803077
89624140
188668491
67995863
3798231832
4255053867
119095672
2830497827
89491407
286524574
76692350
10159617728
61458403
11700893543
76692196
53130896
34111862
226189986
78033496
2705893733
51241522
9731869178
24126147
241670187
64508973
80293983
24826737
2316681099
6551281
71037101
1117739716
69947367
1609402609
192562352
81708766
74175056
10855907451
399021751
76692866
67201116
154414770
20258994
904541305
10159872338
356210196
190247659
689391156
105342700
28278529
4390888537
23727705
1772530315
22546563
2799053
188695491
6803402872
10487228860
1772529256
1425150624
1286490
169286712
57229357
25975243
100472063
25930613
67200745
170893265
113325566
10487204569
878904755
148816890
273965627
51352999
118281463
106712830
31046644
343585234
2409285794
54933878
28998459
16678138
151787372
97712291
139577901
64559858
116040807
150182742
116777778
67571288
117410734
133553667
74939231
133560053
362051999
402303026
15013035
1380767576
51245998
6803395856
66330295
74385438
73232825
241017568
183834442
71597060
707981077
11441821
128158708
292969932
66303630
258183582
149594212
33384642
153563557
62803186
26733710
78005022
61771419
146082923
1213472762
74385418
16853477
382881237
74174970
134822899
182774911
15177020
69226736
55702704
46839229
94266158
362029747
100932574
376805952
40497339
77359785
8853093338
173783297
60115635
128208025
833773264
21272995
62150694
121260372
113332841
105342773
108158379
31156903
102619387
58339489
2566015124
5832475
76692582
286527185
1191812
1191152570
238983270
62718352
140479922
39247498
1594180
51245193
125013769
553707410
42846048
2830451846
207207782
67318186
341110180
323191683
42846005
9910070
32355759
18482375
62332732
21070789
102613165
68352536
1230403652
7592004548
19296155
26011378
147143881
27309800
17237675
118280164
102618732
1191162539
154414843
10159600649
1365767
26424059
1556235379
293316320
52463255
178393560
25609906
26417031
445117183
24123924
48159678
60662839
153563617
116776982
161211371
215751161
323191979
313544522
122276806
1081239
43704873
250394348
10857332979
162200633
3798251754
568920079
62679779
264984497
51243261
259425946
90821356
8853117992
553718984
35167841
346675875
1082932
151784526
20945145
183665698
46353878
102607079
91294485
49939692
28502997
19364667
22547636
24826704
21070090
163491813
51245277
1241223847
493486164
1536054971
146082964
34818900
243773554
56944284
163355211
9470887
152980796
6807138720
149599156
402304782
361950795
19112105
298071907
67584499
562478132
63253706
1560602573
38858257
135472231
63997108
557060334
439946101
271015669
9063024415
628769409
250394663
1402448461
21439893
27171057
147986375
27171229
63245697
527365852
1323384
124126528
439941904
250654457
98349022
2830454962
553970961
17238263
110207471
7212280564
26020654
76063110
139152118
62721575
110706992
6548058
66319941
503947022
241542617
1090029941
59190543
4390896732
22850569
4771629993
191261930
112609138
144506778
63992958
155504606
44014154
483308034
1028720
44114667
30378927
188004500
121389847
1532384
120307951
1563352
4765323
116076177
1743932756
462220417
241671482
69434631
1241181482
187846264
23705521
1076571965
22151762
147971190
31313617
153027826
47597760
15595872
6815676017
273968642
66896601
61459718
207158727
131592484
33337038
243853512
3267569146
107458531
4390875496
70476435
383607653
111904118
55620437
2568804274
334656546
1861997
173755801
293318142
31151864
66330231
119917063
25267790
16598513
11999235
31252891
42846134
14492601
2544538622
11297746
63690289
12908119
54586667
430063272
2015363653
6803404717
10468915
6552254
2180163807
24826625
283749923
96079188
100931472
145833395
63700646
2470750640
5671970
83704154
323476069
63692675
18015836
17238307
439945661
32199211
152980442
48039333
583721561
416832622
10072631
215718515
35246042
98253569
13370505
136803262
158068226
154818967
64495874
638089422
435115951
1180425924
10467162863
22157580
23310997
64486485
152980562
1086814
14671091
361950297
30380922
2569001052
67995931
7212273948
193659065
12279891437
383606760
11188705
45513247
98253626
25545089
62674732
32567578
29715011
1533893
99610601
356210746
161265873
10467173753
63995612
62729995
74938783
99119240
52502129
183797762
152980589
51243216
18213609
69434797
136758649
1286495
2566017817
162066057
554663566
435115571
24487396
115992039
8795516
48545806
37347081
101078326
22547702
122277161
17450053
306968119
98253592
55615103
52492417
27004138
16646369
97852103
4390891467
96079316
114687236
26019070
2566105661
93136746
14876573
10855932882
20577851
228449574
553939167
557057917
250394771
138932314
11844853
8274214179
22597302
3581868178
16984917
153059612
20064349
1138390
99254241
49763737
102617707
113325481
23644960
1049198
416833339
1778004652
152980777
31765091
19043710
96691219
149599125
190247723
97926101
1048037
19364658
32278866
99254203
16598440
125378389
151789690
387255786
24485062
477860100
17109706
72082328
124726369
86494893
23301616
2568801198
304718708
117411380
9254521
63993237
40893465
11401257331
164204277
105344365
440739783
1191109087
187845483
41312638
49048854
76692101
33172050
280988393
9465511
3271938
93068184
105341547
2397732794
23962538
386663459
124730147
395201780
4786883113
20908915
129533515
154727201
398676450
81688937
1016184756
102606919
29410313
1223107595
19704937
62134823
25555262
19397594
16722419
8853127057
54694329
48039204
1016143686
22023239
241512134
17173665
287424705
11453075278
13334984
24727929
332772333
402304145
21802141
32858699
35292167
49491781
46846024
1374328
20052135
11700927610
398672264
65979823
120749494
63253701
439985494
12313531
72644629
7592026396
31616411
50943378
97926163
1272713
160207626
61893436
17363660
90249069
24826840
108149175
153563851
181644522
298084718
435116927
34870758
1081300
121260788
93078804
5207053
268197771
62720062
100929295
928911381
100929398
68233678
147144571
209994074
17981849
67319425
33872761
8769448867
100929743
76692637
102611668
128159389
46354572
139617823
1532385
48607845
37821996
136172656
96079349
153955396
467134564
20418682
132720324
250394595
340623941
30394316
37819953
70437153
125013830
134086163
33873132
280896465
11647212
2041985255
91676854
29716461
1402442557
244160357
64082730
9254254
53466788
2566018860
152980606
250394028
6837513
119085466
201970142
110295354
489171096
1340199684
1286496
292969458
115301218
5013628
110706148
46363684
1235488
13416321
69939573
2528067691
116693694
259424866
46138556
53459092
1098277
286511631
321570597
162200666
583141755
104642550
26769281
68259924
191102109
19400408
114384958
11297766
60115606
69938512
2222728373
11530449367
22787189
1139753
24485058
175134660
11821648884
6807134749
52539791
583722710
29532089
10159934779
20643329
46363291
46355702
96680926
76807520
63653372
22157971
1016185535
89611341
315549204
1428418448
19112109
4390900302
22499928
38322996
32204217
1428424821
10161543780
17449820
52489004
1532386
1744198126
36466277
152187346
58438853
69344107
163491866
88885497
5786026
20721136
24015579
130213380
15973049
25308748
20721173
46839188
376812736
554650579
8198278666
69964719
24832618
99254437
19704809
1285300
22960112
21802112
20980138
82332418
483899424
1609401184
89622944
8331190
61963621
1483632
119916949
97926244
124127383
54528375
257839292
3339364587
16412796
507795810
121926643
212500257
136758455
7212291640
97932897
16899436
45084008
87262381
1117746294
390972175
10860580
19107800
27296626
101081225
1744051187
102618797
106708987
173780221
241543974
146083020
1301384400
250364732
11631083376
583635712
155508530
2830493868
71499557
503955938
95245701
25306182
99254358
1241224444
250395898
28039679
11401152997
878889105
37819478
24441888
46357082
293316227
141740195
1560601706
439942445
67201161
16641209
83704165
37816777
1587175338
187846091
102619219
188003527
6803403781
147974365
302281542
113329394
17735316
141742418
9527968627
45201887
188888052
8763364938
172309861
44113968
27319496
658757624
295456141
71499731
137714292
567531362
37238566
19644587
93536867
24832637
20573086
3210243135
23962549
153955806
44856567
402302006
250395756
11123556756
375820845
77443461
75550883
259423244
10351018
1396360
168167114
153028352
331486631
2264398
31149244
323476145
1191135761
29051524
46839155
57013875
111776247
110891817
416828455
38971471
84012460
121391807
1744071203
69486761
61904706
155670995
149598968
29715001
13793866
35685137
91679561
93709266
139618147
2830416348
323191596
114385449
1230406650
52625733
54578891
40892630
76692437
398673908
76692381
80597060
116055112
63043890
440739240
9255011
477860473
66303576
78002464
419752586
10911965
2620506085
413196934
55224802
44522568
58419365
93136802
81154592
553971558
6807139994
24826853
17138062
9838318899
16598538
52564187
93131552
67996003
24826725
20048880
15432399
31312357
93119240
2830411358
130106467
20643315
78033596
52504099
332744533
32858586
387254417
74937900
16652251
110892321
140481297
1428417334
3339385534
73232803
71429414
85879456
72069888
398674411
1028606
66303534
60062169
2830413360
140483668
1180419690
46158937
11721340
17449580
50430316
380566976
51245885
332746408
144506837
50943435
553879651
507791112
66896542
7592037079
1285307
14129301
58364249
74215671
878912595
1051578
65969704
439984032
14860671
2566024668
8795504
190204972
95354259
293316452
65082275
76692515
26424215
76692790
113325603
323476300
1180433861
362029970
42211680
259425810
69938945
122278276
40493542
18775619
55271090
362032819
116778440
124745913
383605854
25556219
140469106
29283299
59805584
153558902
20641998
152980772
55617090
8853111709
28672561
33615415
154414805
60115725
56861526
27319532
1117719397
16437015
136802867
3064215952
25926517
19327404
321570401
10467139030
52458643
11821652461
44114719
20573098
493476042
568918670
928819079
212971414
64507797
4773591735
192557792
23301787
243853798
1609387306
58789949
144507154
236440696
97161222
64559699
1230404580
55633111
99254164
2222775067
36883922
186957762
241671883
24826823
99855478
120756198
108829742
51242770
22587828
158066212
557058485
119812715
4765718
406001532
22970114
96095042
260304187
17394804
131310899
183834762
36883659
46363235
47256011
138932273
67312131
74891367
8853097484
25308781
24826656
91679217
184742903
79446473
489170175
300410799
52501424
202074359
15967494
70476451
63241985
85879447
439945864
556821517
121925071
439942851
568921483
7636350
1136590
8198290657
136171998
67239941
152980818
8198301926
4390848511
142285694
153581784
1139755
3377530077
383507092
148791414
96678436
88143060
51243161
17735309
21416138
207207466
39247220
456226536
108147416
277861858
11814935276
180660043
22314719
317590827
10537487639
106701619
10467314620
362081939
52454955
22960435
153563520
183834914
32711023
330295337
51244757
362082707
835066252
35246020
135470963
5785985
209995252
346675113
6807133411
155504056
118277164
64493637
63996592
169454280
152980504
158068446
18268645
66416602
23300068
6807135859
121925647
1016184964
90994633
24440014
25309103
45940736
17696983
52553970
105340931
1143116
17614445
6803400584
9910514
323419455
60662967
76692739
102631634
77359927
147937443
48596324
60357982
11700905898
18448414
152980639
34764447
152980450
64220933
100932762
23999354
42847638
169448080
18015896
204162122
12565866
1402447683
64499327
11829528061
15054210
34394424
162067330
88885069
60888284
10159606132
315617026
440739518
387256603
19395368
42900229
36883448
53918608
65417509
21070350
51243280
139152232
71499591
16598444
106064277
51241480
68352624
206136361
1309918
33171947
16954081
24941896
63994465
202073256
62350856
68848741
554663025
172307790
22432792
68354832
159229806
73799348
32203846
67996263
243854130
57028494
58247707
362051899
24389601
17735371
71427264
522586178
51243302
108830165
53524217
79402992
1180419124
23726438
116770724
295451740
169602010
10714092124
57678134
136217608
2830432345
891980433
15973059
121389389
232503325
11700912778
7248672
22151828
583153791
175134718
27477255
152980413
62718789
42847576
29109054
64560136
225921650
19112054
10749130
1241182524
51243169
1213428661
185894927
134087261
148834245
25872570
357832740
319656563
94248837
29532225
1428409936
334663683
23301681
38248947
44561035
1380773753
323419816
259425258
118279832
99033296
163492277
121260153
878895806
82665932
11394133357
102611965
155671106
181354245
182774977
141740648
11748356
493482011
140484519
18821202
1744078238
110705006
69499437
61894723
48159815
95245137
76692077
19112220
6803401743
745788688
110705572
153563680
8853102495
57603998
20980122
1772531407
27295772
40893248
1114768
44559754
62720797
64647651
128158617
48078122
22823649
111902100
170903868
146071355
315549086
96079286
493477472
98970218
25308989
145833203
21802000
55907562
24826614
1609394530
52456325
1082935
52555336
2830437685
483306493
61769697
50943405
18426536
114020557
204490997
187845352
232492903
102605392
153028036
49048816
66416616
315550913
82358339
215392741
128206477
221181437
26943415
380201576
26343188
22547523
108147460
1016185809
833771102
49048671
3016722037
16924470
113329638
1032641
17449403
102633300
362029470
54380918
1532396
92142710
100933289
66330144
101008467
532181076
63695803
153581866
24975496
73151254
243854211
26943368
75941738
406000562
6807137300
80293435
119812765
60357972
30371876
63687750
262399119
22969230
193811031
20011840
52550492
569676258
29283273
10927612825
1744094169
17204526
9731852643
1119645320
152980754
835095306
30394594
20573103
135470884
16641274
37820239
41452381
327319628
52180878
1051574
207206653
8769466816
42840130
30328933
63721711
10159911699
139618317
156095442
23172653
50938746
144302847
82332313
119916756
128992838
1172161
255800577
21719280
65079090
18729820
132123882
158068502
97078407
11600684862
51243486
66330165
43704705
1184599
67250836
17925914
19045610
554658475
1532389
76170471
209983860
52489477
16723481
108150260
19027209
334656353
134087578
1185264
74939534
553724913
439984665
102627528
1743906481
116777149
138844851
136803120
2544549379
16678095
32278846
928908332
1744249207
102623976
96080771
21070012
14515496
6552812
76692831
241511828
73829193
553970606
98348459
160189476
689381514
130113146
163501040
110706539
16678098
116040828
25977727
6803397504
16413496
35686181
64560491
323192193
136803300
119101643
188003914
3016590511
21439991
215719463
330296924
27052155
145833294
105351545
64485985
77359723
78002486
9838284017
16385361
4771632715
18776718
139152194
68603324
152980734
106713287
133360542
23306097
82332012
40493240
64444871
59175777
98421766
16855096
22971409
31839042
15727771
94262384
159229378
10748238
153584045
119917015
29283289
1180428350
98346415
1213029
1678356850
59848474
100929604
24114402
53898421
273964898
2588169261
162066176
142283157
124472052
209983989
74904413
55224996
29532260
148816843
32861090
10630526
67798397
53420165
40811356
98411325
97886188
113299590
32278729
51243313
835095003
398674241
63647492
31541373
493492747
1229962410
4773588762
376812961
1376466
19398258
93723594
346686597
10370321127
11821667294
6379764
67574202
22787168
292970740
14492461
1016144971
134087662
3798248888
1117744489
19264489
23301877
80661504
376805769
1609384691
2620416387
1048338
55917432
115300940
5162497
169444030
153474594
96079550
317593302
88777059
174794956
64510677
2569005011
383507353
220248530
58261078
48395604
134822876
43704842
12313606
24659699
332755212
155661985
139589595
102611450
162200696
28455752
6803407328
36839669
145310594
4786869155
51245692
188703010
100933335
76692318
189963585
16986649
135470997
327317662
1149615185
74937568
68358679
124745962
57033901
18482382
105342986
8785294898
1532388
16171848
156105465
78635484
67319708
153563497
60674654
66416579
564449640
1532390
628771505
5808105
4390890198
37818500
22920501
17408283
28676186
48159731
26777611
81688955
445115703
110295245
149612243
1743903423
286524947
553726283
20573078
94794774
66330120
833772556
158069180
1743912362
23658148
153962038
1213485673
280662903
33337041
42847558
52491335
152980324
102618069
4773569689
857265983
53461320
60662873
120759721
27858560
153563710
128158768
11564129929
128158439
3210189360
3798243238
36784258
71484089
46839333
268586231
156485890
209994352
440738448
66747287
536826524
233609363
30391731
60674516
106690067
166896278
26380828
327318405
95954984
277859296
33097647
1744068357
425119181
10159622004
1082936
97852159
76692143
38322945
67584747
128207293
57476524
1016167673
14462955
44561064
1744356057
233616117
215762773
116786741
102614621
4786877411
96678344
77443704
332747438
193696364
129471170
162069243
628803591
532254782
10161498326
1678362868
236398601
477859537
152980763
261827192
120757139
24826683
64160547
100511988
835094544
62742199
76692172
94265084
2222775930
58809024
115300683
184745025
2225761296
127506257
382880833
14817131
395201183
1402319378
135470756
2226807244
63994749
1191112079
1173851
259424300
6803423284
1031429
3798239844
557059780
549058243
22972723
128159108
45093148
20945159
133553782
76059498
15929967
147983227
86494914
258184056
494291269
33615137
1513251995
63721732
13793909
302282031
98219158
143627212
51346471
172327379
1180428959
66330060
22151837
12503326
24826771
121259978
125861676
13476999
1402441004
563294861
50382508
64498308
44114352
19112087
29844011
193696233
2620478831
16986805
76698522
67584629
69228932
22547617
343585127
96079422
161212509
152980428
13844730
376809691
64496525
35167822
48039359
226189871
169284783
6803410579
472605952
321345425
286511038
18971358
1645055518
17450902
34818884
24826800
10628294
60331861
64511877
52462233
97078419
64489875
416832414
136777171
9838329727
98341183
67200878
306969564
